Input data of 'lab1200B-5-10_3':

Start Time: 2016-12-12 18:45:29
Base: [('0Z', '283.13')]
[0.25]
[-62.75]
[-62.5]
[-62.25]
[-62.5]
[-62.879999999999995]
[-62.629999999999995]
[-62.379999999999995]
[-62.629999999999995]
[-62.75]
[-62.379999999999995]
[-62.25]
[-62.379999999999995]
[-62.879999999999995]
[-62.879999999999995]
[-62.5]
[-62.5]
[-62.5]
[-62.379999999999995]
[-62.379999999999995]
[-62.75]
[-62.879999999999995]
[-62.75]
[-62.629999999999995]
[-62.629999999999995]
[-62.5]
[-62.129999999999995]
[-62.0]
[-62.379999999999995]
[-62.629999999999995]
[-62.379999999999995]
[-62.379999999999995]
[-62.629999999999995]
[-62.75]
[-62.5]
[-62.25]
[-62.5]
[-62.629999999999995]
[-62.629999999999995]
[-62.379999999999995]
[-62.379999999999995]
[-62.379999999999995]
[-62.129999999999995]
[-62.25]
[-62.379999999999995]
[-62.25]
[-62.129999999999995]
[-62.129999999999995]
[-62.5]
[-62.629999999999995]
[-62.5]
[-62.379999999999995]
[-62.129999999999995]
