Input data of 'lab500B-5-10_1':

Start Time: 2016-12-12 18:19:03
Base: [('0Z', '379.63')]
[-0.37999999999999545]
[-43.629999999999995]
[-43.129999999999995]
[-43.25]
[-43.129999999999995]
[-42.629999999999995]
[-42.879999999999995]
[-44.129999999999995]
[-43.5]
[-43.0]
[-43.129999999999995]
[-43.129999999999995]
[-43.629999999999995]
[-43.75]
[-43.75]
[-43.379999999999995]
[-43.379999999999995]
[-43.25]
[-42.629999999999995]
[-43.0]
[-43.0]
[-43.129999999999995]
[-43.629999999999995]
[-43.5]
[-43.0]
[-42.5]
[-42.5]
[-43.0]
[-42.879999999999995]
[-42.5]
[-43.25]
[-43.129999999999995]
[-42.75]
[-42.5]
[-42.379999999999995]
[-42.629999999999995]
[-43.129999999999995]
[-43.129999999999995]
[-42.5]
[-42.5]
[-42.629999999999995]
[-42.629999999999995]
[-43.0]
[-43.0]
[-42.5]
