Input data of 'lab500A-5-10_3':

Start Time: 2016-12-12 17:08:39
Base: [('0Z', '369.00')]
[0.12999999999999545]
[-22.75]
[-22.870000000000005]
[-22.620000000000005]
[-23.120000000000005]
[-23.120000000000005]
[-22.75]
[-22.75]
[-22.620000000000005]
[-22.5]
[-22.370000000000005]
[-22.5]
[-22.870000000000005]
[-23.370000000000005]
[-23.120000000000005]
[-22.370000000000005]
[-22.5]
[-22.5]
[-22.5]
[-22.75]
[-22.870000000000005]
[-22.75]
[-22.370000000000005]
[-23.0]
[-23.370000000000005]
[-22.620000000000005]
[-22.370000000000005]
[-22.870000000000005]
[-22.870000000000005]
[-22.5]
[-22.5]
[-22.5]
[-22.870000000000005]
[-22.620000000000005]
[-22.620000000000005]
[-22.620000000000005]
[-22.75]
[-22.620000000000005]
[-22.370000000000005]
[-22.370000000000005]
[-22.5]
[-22.75]
[-22.5]
[-22.370000000000005]
[-22.370000000000005]
[-22.25]
[-22.370000000000005]
[-22.25]
[-22.120000000000005]
[-22.25]
[-22.25]
[-22.25]
