Input data of 'lab600B-5-10_2':

Start Time: 2016-12-12 18:33:17
Base: [('0Z', '273.25')]
[0.25]
[-39.0]
[-39.120000000000005]
[-39.870000000000005]
[-39.5]
[-39.0]
[-39.370000000000005]
[-40.5]
[-40.25]
[-39.75]
[-39.75]
[-40.0]
[-39.370000000000005]
[-38.620000000000005]
[-39.0]
[-38.0]
[-39.870000000000005]
[-40.25]
[-39.870000000000005]
[-39.870000000000005]
[-39.75]
[-40.120000000000005]
[-39.5]
[-39.75]
[-39.870000000000005]
[-39.75]
[-39.370000000000005]
[-38.870000000000005]
[-39.120000000000005]
[-38.5]
[-39.120000000000005]
[-39.25]
[-38.75]
[-39.870000000000005]
[-39.620000000000005]
[-40.370000000000005]
[-40.25]
[-40.120000000000005]
[-40.5]
[-40.620000000000005]
[-40.620000000000005]
[-40.370000000000005]
[-39.870000000000005]
[-40.0]
[-39.75]
[-39.870000000000005]
[-40.0]
[-39.75]
[-39.620000000000005]
[-40.25]
[-39.870000000000005]
[-39.620000000000005]
[-40.120000000000005]
[-39.370000000000005]
[-39.0]
[-40.25]
[-39.5]
[-39.620000000000005]
[-38.370000000000005]
