Input data of 'lab600A-5-10_7':

Start Time: 2016-12-12 17:38:01
Base: [('0Z', '272.50')]
[0.12999999999999545]
[-27.0]
[-27.370000000000005]
[-27.25]
[-27.0]
[-27.120000000000005]
[-27.370000000000005]
[-27.25]
[-27.25]
[-27.75]
[-27.75]
[-27.5]
[-27.620000000000005]
[-28.25]
[-28.25]
[-27.620000000000005]
[-27.370000000000005]
[-27.620000000000005]
[-27.870000000000005]
[-27.870000000000005]
[-27.75]
[-27.5]
[-27.25]
[-27.0]
[-27.370000000000005]
[-27.620000000000005]
[-27.370000000000005]
[-27.370000000000005]
[-27.370000000000005]
[-27.25]
[-27.25]
[-27.25]
[-27.620000000000005]
[-27.620000000000005]
[-27.25]
[-27.5]
[-27.620000000000005]
[-27.75]
[-28.0]
[-27.620000000000005]
[-27.25]
[-27.120000000000005]
[-27.25]
[-27.370000000000005]
[-27.5]
[-27.120000000000005]
[-26.75]
[-27.370000000000005]
[-27.870000000000005]
[-27.370000000000005]
[-27.120000000000005]
[-27.620000000000005]
[-28.0]
[-27.75]
[-27.370000000000005]
[-26.870000000000005]
[-27.0]
[-27.5]
[-27.370000000000005]
[-27.25]
[-27.620000000000005]
[-27.620000000000005]
[-27.25]
[-27.25]
[-27.370000000000005]
[-27.120000000000005]
[-27.5]
[-27.370000000000005]
[-27.0]
[-27.25]
[-27.25]
[-27.370000000000005]
[-27.620000000000005]
[-27.120000000000005]
[-26.5]
[-26.870000000000005]
[-27.870000000000005]
[-27.75]
[-27.620000000000005]
[-27.25]
[-27.620000000000005]
[-27.620000000000005]
[-27.25]
[-27.370000000000005]
[-27.370000000000005]
[-26.870000000000005]
[-26.870000000000005]
[-27.5]
[-27.5]
[-27.25]
