Input data of 'oscillation_2':

Start Time: 2016-12-12 18:50:28
Base: [('0Z', '220.50')]
[0.0]
[-0.25]
[-0.37000000000000455]
[0.37999999999999545]
[0.37999999999999545]
[-0.12000000000000455]
[-1.6200000000000045]
[0.12999999999999545]
[0.25]
[-0.12000000000000455]
[-0.5]
[0.12999999999999545]
[0.5]
[-0.25]
[0.12999999999999545]
[0.5]
[0.37999999999999545]
[-0.12000000000000455]
[0.6299999999999955]
[0.37999999999999545]
[-0.37000000000000455]
[-0.5]
[-0.37000000000000455]
[0.0]
[0.25]
[0.25]
[0.25]
[-0.37000000000000455]
[-0.12000000000000455]
[0.0]
[0.25]
[-0.12000000000000455]
[-0.25]
[0.0]
[0.12999999999999545]
[0.5]
[0.37999999999999545]
[0.37999999999999545]
[0.12999999999999545]
[-0.25]
[-0.37000000000000455]
[-0.5]
[-0.12000000000000455]
[-0.25]
[-0.37000000000000455]
[-0.37000000000000455]
[-0.6200000000000045]
[-0.6200000000000045]
[-0.37000000000000455]
[0.0]
[0.0]
[-0.25]
[-0.25]
[0.0]
[0.12999999999999545]
[0.0]
[-0.25]
[-0.25]
[-0.25]
[-0.5]
[-0.25]
[-0.12000000000000455]
[-0.25]
[-0.25]
[-0.12000000000000455]
[0.25]
