[18.633304986561317, 84.33710530684755, -44.6136852616015]
[18.673199646551982, 84.28080259118062, -44.95542462066642]
[18.6923490833475, 84.25377728766048, -45.11945951301758]
[18.57266510337551, 84.42268543466129, -44.09424143582286]
[18.57266510337551, 84.42268543466129, -44.09424143582286]
[18.652454423356836, 84.31008000332741, -44.777720153952664]
[18.891822383300816, 83.97226370932583, -46.82815630834211]
[18.612559763366175, 84.36638271899436, -44.435980794887804]
[18.593410326570655, 84.39340802251449, -44.271945902536615]
[18.652454423356836, 84.31008000332741, -44.777720153952664]
[18.713094306542644, 84.22449987551369, -45.29716397973131]
[18.612559763366175, 84.36638271899436, -44.435980794887804]
[18.55351566657999, 84.44971073818142, -43.9302065434717]
[18.673199646551982, 84.28080259118062, -44.95542462066642]
[18.612559763366175, 84.36638271899436, -44.435980794887804]
[18.55351566657999, 84.44971073818142, -43.9302065434717]
[18.57266510337551, 84.42268543466129, -44.09424143582286]
[18.652454423356836, 84.31008000332741, -44.777720153952664]
[18.532770443384848, 84.47898815032822, -43.75250207675797]
[18.57266510337551, 84.42268543466129, -44.09424143582286]
[18.6923490833475, 84.25377728766048, -45.11945951301758]
[18.713094306542644, 84.22449987551369, -45.29716397973131]
[18.6923490833475, 84.25377728766048, -45.11945951301758]
[18.633304986561317, 84.33710530684755, -44.6136852616015]
[18.593410326570655, 84.39340802251449, -44.271945902536615]
[18.593410326570655, 84.39340802251449, -44.271945902536615]
[18.593410326570655, 84.39340802251449, -44.271945902536615]
[18.6923490833475, 84.25377728766048, -45.11945951301758]
[18.652454423356836, 84.31008000332741, -44.777720153952664]
[18.633304986561317, 84.33710530684755, -44.6136852616015]
[18.593410326570655, 84.39340802251449, -44.271945902536615]
[18.652454423356836, 84.31008000332741, -44.777720153952664]
[18.673199646551982, 84.28080259118062, -44.95542462066642]
[18.633304986561317, 84.33710530684755, -44.6136852616015]
[18.612559763366175, 84.36638271899436, -44.435980794887804]
[18.55351566657999, 84.44971073818142, -43.9302065434717]
[18.57266510337551, 84.42268543466129, -44.09424143582286]
[18.57266510337551, 84.42268543466129, -44.09424143582286]
[18.612559763366175, 84.36638271899436, -44.435980794887804]
[18.673199646551982, 84.28080259118062, -44.95542462066642]
[18.6923490833475, 84.25377728766048, -45.11945951301758]
[18.713094306542644, 84.22449987551369, -45.29716397973131]
[18.652454423356836, 84.31008000332741, -44.777720153952664]
[18.673199646551982, 84.28080259118062, -44.95542462066642]
[18.6923490833475, 84.25377728766048, -45.11945951301758]
[18.6923490833475, 84.25377728766048, -45.11945951301758]
[18.732243743338163, 84.19747457199357, -45.46119887208247]
[18.732243743338163, 84.19747457199357, -45.46119887208247]
[18.6923490833475, 84.25377728766048, -45.11945951301758]
[18.633304986561317, 84.33710530684755, -44.6136852616015]
[18.633304986561317, 84.33710530684755, -44.6136852616015]
[18.673199646551982, 84.28080259118062, -44.95542462066642]
[18.673199646551982, 84.28080259118062, -44.95542462066642]
[18.633304986561317, 84.33710530684755, -44.6136852616015]
[18.612559763366175, 84.36638271899436, -44.435980794887804]
[18.633304986561317, 84.33710530684755, -44.6136852616015]
[18.673199646551982, 84.28080259118062, -44.95542462066642]
[18.673199646551982, 84.28080259118062, -44.95542462066642]
[18.673199646551982, 84.28080259118062, -44.95542462066642]
[18.713094306542644, 84.22449987551369, -45.29716397973131]
[18.673199646551982, 84.28080259118062, -44.95542462066642]
[18.652454423356836, 84.31008000332741, -44.777720153952664]
[18.673199646551982, 84.28080259118062, -44.95542462066642]
[18.673199646551982, 84.28080259118062, -44.95542462066642]
[18.652454423356836, 84.31008000332741, -44.777720153952664]
[18.593410326570655, 84.39340802251449, -44.271945902536615]
