Input data of 'lab1200A-5-10_3':

Start Time: 2016-12-12 17:52:16
Base: [('0Z', '285.25')]
[0.12999999999999545]
[-56.620000000000005]
[-56.620000000000005]
[-56.620000000000005]
[-57.370000000000005]
[-57.120000000000005]
[-56.25]
[-56.25]
[-56.25]
[-56.370000000000005]
[-56.5]
[-56.5]
[-56.5]
[-56.620000000000005]
[-56.5]
[-56.370000000000005]
[-56.370000000000005]
[-56.870000000000005]
[-56.870000000000005]
[-57.120000000000005]
[-57.120000000000005]
[-56.25]
[-56.620000000000005]
[-56.620000000000005]
[-56.5]
[-56.620000000000005]
[-56.620000000000005]
[-56.5]
[-56.5]
[-56.5]
[-56.5]
[-56.620000000000005]
[-56.75]
[-56.75]
[-56.620000000000005]
[-56.75]
[-56.620000000000005]
[-56.5]
[-56.5]
[-56.75]
[-56.75]
[-57.0]
[-56.75]
[-56.5]
[-57.0]
[-56.75]
[-56.620000000000005]
[-56.620000000000005]
[-56.5]
[-56.620000000000005]
[-56.620000000000005]
[-56.5]
[-56.370000000000005]
[-56.620000000000005]
[-56.5]
[-56.25]
[-56.370000000000005]
[-56.5]
[-56.5]
[-56.370000000000005]
[-56.25]
[-56.370000000000005]
[-56.370000000000005]
[-56.370000000000005]
[-56.620000000000005]
[-56.75]
[-56.620000000000005]
[-56.370000000000005]
[-56.370000000000005]
[-56.620000000000005]
[-56.870000000000005]
