
Input data of 'lab1200A-5-10_1':

Start Time: 2016-12-12 17:41:43
Base: [('0Z', '281.63')][-0.25]
[-52.75]
[-52.879999999999995]
[-52.75]
[-52.379999999999995]
[-52.379999999999995]
[-52.5]
[-52.5]
[-52.5]
[-52.25]
[-52.129999999999995]
[-52.129999999999995]
[-52.129999999999995]
[-52.379999999999995]
[-52.629999999999995]
[-52.379999999999995]
[-52.25]
[-52.379999999999995]
[-52.129999999999995]
[-52.0]
[-52.379999999999995]
[-52.379999999999995]
[-52.25]
[-52.25]
[-52.379999999999995]
[-52.629999999999995]
[-52.629999999999995]
[-52.629999999999995]
[-52.5]
[-52.25]
[-52.379999999999995]
[-52.5]
[-52.379999999999995]
[-52.5]
[-52.629999999999995]
[-52.5]
[-52.5]
[-52.5]
[-52.0]
[-51.879999999999995]
[-52.379999999999995]
[-52.629999999999995]
[-52.629999999999995]
[-52.629999999999995]
[-52.629999999999995]
[-52.629999999999995]
[-52.75]
[-52.75]
[-52.379999999999995]
[-52.129999999999995]
[-52.379999999999995]
[-52.629999999999995]
[-52.629999999999995]
[-52.5]
[-52.5]
[-52.629999999999995]
[-52.5]
[-52.629999999999995]
[-52.379999999999995]
[-52.25]
[-52.129999999999995]
[-52.379999999999995]
[-52.629999999999995]
[-52.5]
[-52.5]
