
Input data of 'lab500A':

Start Time: 2016-12-12 16:55:54
Base: [('0Z', '365.63')][0.5]
[-20.25]
[-19.75]
[-19.129999999999995]
[-19.25]
[-19.629999999999995]
[-20.629999999999995]
[-19.5]
[-19.0]
[-18.879999999999995]
[-19.25]
[-20.5]
[-20.0]
[-20.25]
[-20.379999999999995]
[-19.629999999999995]
[-19.0]
[-19.129999999999995]
[-19.629999999999995]
[-18.879999999999995]
[-19.25]
[-19.129999999999995]
[-19.75]
[-20.5]
[-20.379999999999995]
[-20.5]
[-20.0]
[-19.379999999999995]
[-20.129999999999995]
[-19.629999999999995]
[-19.129999999999995]
[-20.129999999999995]
[-20.129999999999995]
[-20.629999999999995]
[-20.0]
[-20.25]
[-19.629999999999995]
[-19.5]
[-19.379999999999995]
[-20.0]
[-20.75]
[-21.0]
[-19.629999999999995]
[-20.129999999999995]
[-20.25]
[-20.129999999999995]
[-20.0]
[-20.75]
[-20.129999999999995]
[-19.25]
[-19.5]
[-19.629999999999995]
[-20.129999999999995]
[-20.629999999999995]
