[19.286939451035725, 3.9444370387056797, 5e+33]
[43.040872924620956, -127.45519675712573, 5e+33]
[42.35842233837365, -123.68008484918154, 5e+33]
[42.459238902251094, -124.23777183558241, 5e+33]
[42.94005636074352, -126.89750977072491, 5e+33]
[44.10332440548324, -133.33235961381166, 5e+33]
[42.552300345830275, -124.75255982302936, 5e+33]
[43.040872924620956, -127.45519675712573, 5e+33]
[42.552300345830275, -124.75255982302936, 5e+33]
[43.62250694699082, -130.67262167866912, 5e+33]
[43.52169038311338, -130.1149346922683, 5e+33]
[43.234750932077574, -128.5276717309735, 5e+33]
[43.040872924620956, -127.45519675712573, 5e+33]
[42.94005636074352, -126.89750977072491, 5e+33]
[42.26536089479447, -123.16529686173459, 5e+33]
[42.07148288733785, -122.09282188788681, 5e+33]
[42.35842233837365, -123.68008484918154, 5e+33]
[42.552300345830275, -124.75255982302936, 5e+33]
[41.97066632346041, -121.53513490148595, 5e+33]
